ring_id,vertex_id,x,y
0,0,0.000000000,0.000000000
0,1,30.000000000,0.000000000
0,2,50.000000000,5.000000000
0,3,70.000000000,0.000000000
0,4,100.000000000,0.000000000
0,5,100.000000000,30.000000000
0,6,105.000000000,50.000000000
0,7,100.000000000,70.000000000
0,8,100.000000000,100.000000000
0,9,70.000000000,100.000000000
0,10,50.000000000,105.000000000
0,11,30.000000000,100.000000000
0,12,0.000000000,100.000000000
0,13,0.000000000,70.000000000
0,14,-5.000000000,50.000000000
0,15,0.000000000,30.000000000
1,0,50.000000000,30.000000000
1,1,35.000000000,45.000000000
1,2,35.000000000,55.000000000
1,3,50.000000000,70.000000000
1,4,65.000000000,55.000000000
1,5,65.000000000,45.000000000
Total signed area in input: 9.450000e+03
Total signed area in output: 9.450000e+03
Total areal displacement: 0.000000e+00
